# s_m X0_mwe X0_shifted_mean_mwe ratio rate_Hz Ncoin_surface Ncoin_underground
-260 0 0 1 35 2293 2293
-240 0 0 1 35 2453 2453
-220 0 0 1 35 2273 2273
-200 0 0 1 35 2344 2344
-180 0 0 1 35 2380 2380
-160 0.583 0.582548 0.82618 28.9163 2330 1925
-140 0.954 0.953121 0.79324 27.7634 2278 1807
-120 1.034 1.03288 0.778063 27.2322 2334 1816
-100 0.768 0.767179 0.802548 28.0892 2355 1890
-80 0.186 0.186234 0.888318 31.0911 2337 2076
-60 0 0 1 35 2422 2422
-40 0 0 1 35 2387 2387
-20 0 0 1 35 2353 2353
0 0 0 1 35 2293 2293
20 0 0 1 35 2300 2300
40 0 0 1 35 2335 2335
60 0 0 1 35 2350 2350
80 0 0 1 35 2322 2322
100 0.954 0.948564 0.785594 27.4958 2374 1865
120 0.159 0.159685 0.881201 30.842 2298 2025
140 0.662 0.66417 0.810753 28.3763 2325 1885
160 2.093 2.08281 0.726647 25.4326 2323 1688
180 2.067 2.08044 0.725275 25.3846 2366 1716
200 4.081 4.11435 0.639171 22.371 2364 1511
220 8.666 9.08075 0.441772 15.462 2370 1047
240 27.878 27.1102 0.170752 5.97632 2407 411
260 39.564 37.8438 0.114062 3.99216 2297 262
280 38.107 37.0098 0.131368 4.59789 2375 312
300 27.745 28.9686 0.158547 5.54915 2340 371
320 30.396 30.6853 0.140665 4.92327 2346 330
340 35.801 35.4561 0.124512 4.35792 2305 287
360 38.16 38.1443 0.112543 3.939 2328 262
380 40.492 40.9748 0.103015 3.60553 2388 246
400 46.534 46.344 0.0900823 3.15288 2309 208
420 51.278 51.4847 0.0663007 2.32052 2368 157
440 56.895 58.9249 0.0634105 2.21937 2334 148
460 74.094 74.2557 0.0434783 1.52174 2300 100
480 90.603 90.6204 0.0310533 1.08687 2383 74
500 107.882 107.303 0.0294489 1.03071 2377 70
520 124.656 121.069 0.0172043 0.602151 2325 40
540 131.996 130.646 0.0152284 0.532995 2364 36
560 140.317 137.942 0.00992556 0.347395 2418 24
580 144.266 143.062 0.0135651 0.474777 2359 32
600 146.916 145.593 0.0139064 0.486726 2373 33
620 147.658 147.087 0.0119403 0.41791 2345 28
640 148.029 147.586 0.0110169 0.385593 2360 26
660 149.831 147.033 0.0185906 0.65067 2313 43
680 143.02 145.567 0.0119454 0.418089 2344 28
700 143.498 144.94 0.0119292 0.417524 2431 29
720 148.029 144.542 0.0144129 0.504451 2359 34
740 145.591 141.75 0.0190194 0.66568 2366 45
760 134.222 137.18 0.0172632 0.604211 2375 41
780 131.44 133.614 0.0183135 0.640971 2348 43
800 131.572 132.192 0.0118846 0.415959 2356 28
820 133.109 131.268 0.0198923 0.696229 2413 48
840 132.553 128.269 0.0156647 0.548264 2362 37
860 121.794 122.608 0.0203995 0.713982 2353 48
880 111.062 117.369 0.0220398 0.771392 2314 51
900 119.303 119.09 0.0192308 0.673077 2340 45
920 122.642 122.473 0.012457 0.435997 2328 29
940 126.087 124.83 0.0204255 0.714894 2350 48
960 131.917 123.68 0.0209644 0.733753 2385 50
980 109.631 119.874 0.0211663 0.740821 2315 49
1000 123.039 120.845 0.020798 0.727929 2356 49
1020 129.082 118.946 0.0182688 0.639408 2299 42
1040 113.102 108.892 0.0316645 1.10826 2337 74
1060 83.581 90.8586 0.0266667 0.933333 2325 62
1080 83.74 81.3957 0.0365535 1.27937 2298 84
1100 71.417 74.2908 0.0423836 1.48342 2383 101
1120 72.133 72.7721 0.0464423 1.62548 2347 109
1140 74.597 74.3339 0.0414594 1.45108 2412 100
1160 75.79 75.8968 0.0344241 1.20484 2353 81
1180 77.621 77.5417 0.0376623 1.31818 2310 87
1200 79.053 79.287 0.0408337 1.42918 2351 96
1220 81.392 81.5501 0.0338205 1.18372 2395 81
1240 84.309 83.7922 0.0324114 1.1344 2314 75
1260 85.23 85.094 0.0379147 1.32701 2321 88
1280 85.853 86.1701 0.0315126 1.10294 2380 75
1300 87.483 87.9073 0.032217 1.1276 2359 76
1320 90.912 90.2639 0.0342585 1.19905 2306 79
1340 91.981 91.674 0.0350803 1.22781 2366 83
1360 92.489 92.4517 0.0304569 1.06599 2364 72
1380 92.849 93.1892 0.0298376 1.04432 2279 68
1400 94.297 94.3657 0.0324757 1.13665 2371 77
1420 95.597 95.7709 0.0259089 0.906812 2393 62
1440 97.243 97.4933 0.0290043 1.01515 2310 67
1460 99.335 99.6847 0.03125 1.09375 2336 73
1480 102.385 102.394 0.024276 0.849659 2348 57
1500 105.5 104.972 0.0212121 0.742424 2310 49
1520 107.278 107.19 0.0252137 0.882479 2340 59
1540 108.809 109.456 0.0240265 0.840928 2414 58
1560 111.94 112.389 0.0218121 0.763423 2384 52
1580 115.864 115.718 0.0190275 0.665962 2365 45
1600 119.424 119.15 0.0210385 0.736347 2234 47
1620 122.572 122.171 0.0225436 0.789026 2351 53
1640 125.687 124.905 0.0222409 0.778431 2383 53
1660 127.251 126.637 0.0120482 0.421687 2324 28
1680 127.627 128.059 0.0168394 0.589378 2316 39
1700 128.861 129.521 0.0166886 0.584102 2277 38
1720 131.581 131.34 0.0137991 0.482967 2319 32
1740 133.574 133.156 0.0133835 0.468423 2391 32
1760 134.775 134.643 0.0176877 0.619068 2318 41
1780 136.19 135.807 0.0195246 0.683362 2356 46
1800 136.912 136.796 0.0153584 0.537543 2344 36
1820 137.585 137.565 0.0167504 0.586265 2388 40
1840 138.077 138.42 0.0161771 0.566198 2349 38
1860 139.344 139.233 0.0204717 0.716511 2247 46
1880 140.687 140.093 0.020017 0.700596 2348 47
1900 140.233 140.723 0.0156647 0.548264 2362 37
1920 141.219 141.553 0.0144042 0.504147 2291 33
1940 143.253 142.498 0.0112263 0.392919 2316 26
1960 143.36 143.117 0.0189793 0.664277 2371 45
1980 143.296 143.692 0.0161771 0.566198 2349 38
2000 144.032 144.427 0.0144129 0.504451 2359 34
2020 145.184 145.185 0.0159827 0.559395 2315 37
2040 146.174 146.217 0.0130416 0.456458 2377 31
2060 147.207 147.187 0.0127753 0.447137 2270 29
2080 148.44 148.194 0.0135364 0.473773 2364 32
2100 149.04 149.091 0.0137104 0.479863 2334 32
2120 149.691 149.976 0.0142487 0.498705 2316 33
2140 150.881 151.154 0.0146489 0.51271 2321 34
2160 152.206 152.354 0.0158662 0.555317 2332 37
2180 153.539 153.615 0.0119098 0.416844 2351 28
2200 154.827 154.823 0.0114841 0.401943 2264 26
2220 156.332 156.159 0.0128041 0.448143 2343 30
2240 157.731 157.215 0.00935374 0.327381 2352 22
2260 158.611 158.243 0.015873 0.555556 2331 37
2280 159.165 159 0.00990525 0.346684 2322 23
2300 159.662 159.582 0.0162324 0.568133 2341 38
2320 160.228 160.04 0.0132819 0.464867 2334 31
2340 160.665 160.441 0.0110497 0.38674 2353 26
2360 160.831 160.722 0.0119301 0.417554 2347 28
2380 160.964 160.91 0.0153173 0.536105 2285 35
2400 160.965 161.11 0.00866927 0.303424 2307 20
2420 161.313 161.33 0.0128811 0.450837 2329 30
2440 161.611 161.55 0.0121288 0.424509 2391 29
2460 161.71 161.788 0.0142364 0.498274 2318 33
2480 161.844 162.11 0.0112594 0.394078 2398 27
2500 162.257 162.506 0.0138772 0.485702 2378 33
2520 162.934 162.925 0.0089667 0.313834 2342 21
2540 163.711 163.421 0.0114262 0.399915 2363 27
2560 164.108 163.798 0.0152996 0.535487 2353 36
2580 164.059 164.035 0.00859107 0.300687 2328 20
2600 164.06 164.284 0.00956739 0.334859 2404 23
2620 164.293 164.545 0.00961137 0.336398 2393 23
2640 164.871 164.957 0.0119863 0.419521 2336 28
2660 165.581 165.329 0.0120742 0.422596 2319 28
2680 166.028 165.596 0.00585284 0.204849 2392 14
2700 166.161 165.613 0.0133835 0.468423 2391 32
2720 165.75 165.426 0.00951146 0.332901 2313 22
2740 164.959 165.121 0.00970055 0.339519 2371 23
2760 164.514 164.827 0.00976645 0.341826 2355 23
2780 164.4 164.628 0.0111492 0.390223 2332 26
2800 164.466 164.559 0.0100209 0.350731 2395 24
2820 164.468 164.599 0.00977891 0.342262 2352 23
2840 164.551 164.719 0.00852878 0.298507 2345 20
2860 164.552 165.027 0.0118343 0.414201 2366 28
2880 165.114 165.551 0.00918964 0.321637 2394 22
2900 165.841 166.288 0.0139064 0.486726 2373 33
2920 167.179 167.179 0.0109751 0.384128 2369 26
2940 168.434 168.131 0.00933786 0.326825 2356 22
2960 169.358 169.025 0.00916667 0.320833 2400 22
2980 169.871 169.757 0.00815101 0.285285 2331 19
3000 170.449 170.367 0.00850702 0.297746 2351 20
3020 171.078 170.907 0.0108832 0.380913 2389 26
3040 171.541 171.392 0.00640478 0.224167 2342 15
3060 171.855 171.779 0.0129032 0.451613 2325 30
3080 172.137 172.117 0.011734 0.410691 2301 27
3100 172.467 172.439 0.0109218 0.382263 2289 25
3120 172.782 172.746 0.00770878 0.269807 2335 18
3140 173.113 173.003 0.0103851 0.363479 2311 24
3160 173.295 173.225 0.00942184 0.329764 2335 22
3180 173.428 173.423 0.00758853 0.265599 2372 18
3200 173.545 173.579 0.0153191 0.53617 2350 36
3220 173.859 173.769 0.00831947 0.291181 2404 20
3240 173.943 173.915 0.00861698 0.301594 2321 20
3260 174.109 174.046 0.0103306 0.36157 2420 25
3280 174.192 174.132 0.0105798 0.370292 2363 25
3300 174.243 174.194 0.00894378 0.313032 2348 21
3320 174.227 174.233 0.0107342 0.375698 2329 25
3340 174.311 174.251 0.00978723 0.342553 2350 23
3360 174.295 174.252 0.0102258 0.357904 2347 24
3380 174.181 174.248 0.00778547 0.272491 2312 18
3400 174.198 174.268 0.00628141 0.219849 2388 15
3420 174.249 174.315 0.00855432 0.299401 2338 20
3440 174.365 174.396 0.00806452 0.282258 2356 19
3460 174.416 174.507 0.0151778 0.531223 2306 35
3480 174.599 174.656 0.00777538 0.272138 2315 18
3500 174.847 174.84 0.00762712 0.266949 2360 18
3520 175.046 175.018 0.00888701 0.311045 2363 21
3540 175.196 175.23 0.00996102 0.348636 2309 23
3560 175.312 175.452 0.00772532 0.270386 2330 18
3580 175.676 175.683 0.00909091 0.318182 2420 22
3600 176.106 175.902 0.00831874 0.291156 2284 19
3620 176.361 176.036 0.00640205 0.224072 2343 15
3640 176.306 176.061 0.0102916 0.360206 2332 24
3660 175.96 176.005 0.00839278 0.293747 2383 20
3680 175.764 175.939 0.0112021 0.392072 2321 26
3700 175.666 175.934 0.0125054 0.437689 2319 29
3720 175.798 176.034 0.00956739 0.334859 2404 23
3740 176.129 176.264 0.0105263 0.368421 2375 25
3760 176.526 176.538 0.0120275 0.420962 2328 28
3780 176.89 176.829 0.0088645 0.310257 2369 21
3800 177.221 177.089 0.0111064 0.388723 2341 26
3820 177.338 177.336 0.00737527 0.258134 2305 17
3840 177.521 177.539 0.0112069 0.392241 2320 26
3860 177.677 177.76 0.0107666 0.37683 2322 25
3880 178.024 178.011 0.00925926 0.324074 2376 22
3900 178.398 178.256 0.0123773 0.433205 2343 29
3920 178.432 178.468 0.00690548 0.241692 2317 16
3940 178.532 178.725 0.0106655 0.373294 2344 25
3960 178.962 179.026 0.0137931 0.482759 2320 32
3980 179.243 179.342 0.0105042 0.367647 2380 25
4000 179.647 179.774 0.00740741 0.259259 2295 17
4020 180.021 180.221 0.0093102 0.325857 2363 22
4040 180.781 180.716 0.00710109 0.248538 2394 17
4060 181.475 181.164 0.0115139 0.402985 2345 27
4080 181.724 181.556 0.0114698 0.401444 2354 27
4100 181.774 181.9 0.00974989 0.341246 2359 23
4120 182.072 182.323 0.00735612 0.257464 2311 17
4140 182.684 182.778 0.0126369 0.442291 2374 30
4160 183.443 183.235 0.0083612 0.292642 2392 20
4180 183.972 183.609 0.00815451 0.285408 2330 19
4200 184.188 183.799 0.00859845 0.300946 2326 20
4220 184.255 183.845 0.0101738 0.356083 2359 24
4240 183.959 183.724 0.00985855 0.345049 2333 23
4260 183.564 183.477 0.00562284 0.196799 2312 13
4280 183.037 183.215 0.00681721 0.238602 2347 16
4300 182.675 183.004 0.0101351 0.35473 2368 24
4320 182.56 182.908 0.00720644 0.252226 2359 17
4340 182.693 183.01 0.00854336 0.299018 2341 20
4360 182.942 183.312 0.00819319 0.286762 2319 19
4380 183.438 183.675 0.00644053 0.225419 2329 15
4400 184.132 184.242 0.0102302 0.358056 2346 24
4420 184.958 184.861 0.00975817 0.341536 2357 23
4440 185.305 185.489 0.00710702 0.248746 2392 17
4460 186.049 186.135 0.0095986 0.335951 2292 22
4480 187.007 186.782 0.00993377 0.347682 2416 24
4500 187.585 187.352 0.0100789 0.352761 2282 23
4520 188.016 187.789 0.0113876 0.398566 2371 27
4540 188.363 188.232 0.00562771 0.19697 2310 13
4560 188.661 188.544 0.00679983 0.237994 2353 16
4580 188.695 188.839 0.00969237 0.339233 2373 23
4600 189.059 189.162 0.00653595 0.228758 2295 15
4620 189.506 189.507 0.00900515 0.31518 2332 21
4640 189.886 189.797 0.00590717 0.206751 2370 14
4660 190.332 190.073 0.00849979 0.297493 2353 20
4680 190.68 190.24 0.00899743 0.31491 2334 21
4700 190.532 190.244 0.00549218 0.192226 2367 13
4720 190.187 190.119 0.0103864 0.363523 2407 25
4740 190.122 189.943 0.00807823 0.282738 2352 19
4760 189.809 189.69 0.010917 0.382096 2290 25
4780 189.052 189.494 0.00907127 0.317495 2315 21
4800 188.689 189.436 0.00885329 0.309865 2372 21
4820 189.318 189.562 0.00471092 0.164882 2335 11
4840 190.077 189.723 0.00798319 0.279412 2380 19
4860 190.54 189.859 0.0108243 0.378851 2402 26
4880 189.601 189.81 0.00675961 0.236586 2367 16
4900 190.245 189.655 0.0110969 0.388391 2343 26
4920 189.471 189.446 0.00827472 0.289615 2417 20
4940 188.73 189.209 0.00555081 0.194278 2342 13
4960 188.581 189.115 0.00693541 0.242739 2307 16
4980 189.146 189.093 0.0102389 0.358362 2344 24
5000 189.661 189.043 0.0113732 0.398062 2374 27
5020 189.432 188.86 0.00758853 0.265599 2372 18
5040 188.85 188.486 0.00644884 0.225709 2326 15
5060 186.908 188.063 0.00791007 0.276853 2402 19
5080 188.622 187.508 0.00911063 0.318872 2305 21
5100 188.042 186.743 0.00918197 0.321369 2396 22
5120 186.052 185.774 0.00799663 0.279882 2376 19
5140 184.277 184.586 0.00768902 0.269116 2341 18
5160 183.138 183.409 0.00794351 0.278023 2266 18
5180 182.998 182.265 0.00894759 0.313166 2347 21
5200 182.149 180.724 0.00940171 0.32906 2340 22
5220 179.296 178.831 0.00702371 0.24583 2278 16
5240 176.452 176.948 0.00861326 0.301464 2322 20
5260 174.466 175.154 0.00739452 0.258808 2299 17
5280 173.232 173.286 0.00842815 0.294985 2373 20
5300 171.916 171.424 0.010513 0.367956 2378 25
5320 170.096 169.673 0.00721256 0.25244 2357 17
5340 167.891 167.504 0.0139123 0.486931 2372 33
5360 165.167 165.242 0.0139123 0.486931 2372 33
5380 163.251 162.659 0.0141935 0.496774 2325 33
5400 160.767 159.64 0.0134737 0.471579 2375 32
5420 157.408 156.404 0.0142119 0.497416 2322 33
5440 153.178 153.013 0.0114943 0.402299 2349 27
5460 148.673 148.806 0.0118694 0.41543 2359 28
5480 144.234 144.832 0.0166528 0.582848 2402 40
5500 140.39 141.184 0.0130526 0.456842 2375 31
5520 137.601 138.058 0.0165577 0.579521 2295 38
5540 135.077 134.781 0.0167024 0.584582 2335 39
5560 131.793 132.165 0.0171453 0.600086 2333 40
5580 129.203 129.246 0.018711 0.654886 2405 45
5600 126.579 126.655 0.0161633 0.565717 2351 38
5620 124.171 123.982 0.0174172 0.609601 2354 41
5640 121.035 121.682 0.0153846 0.538462 2405 37
5660 118.775 119.663 0.0223252 0.781382 2374 53
5680 116.663 118.637 0.0202062 0.707216 2425 49
5700 116.712 119.005 0.0241483 0.845192 2319 56
5720 119.6 120.928 0.0162116 0.567406 2344 38
5740 124.616 123.466 0.020605 0.721175 2281 47
5760 127.701 125.293 0.0104712 0.366492 2292 24
5780 126.893 126.013 0.0178571 0.625 2352 42
5800 125.623 125.777 0.0180723 0.63253 2324 42
5820 125.194 125.184 0.0207987 0.727953 2404 50
5840 124.434 124.72 0.0166453 0.582586 2343 39
5860 124.005 124.467 0.0184629 0.6462 2329 43
5880 125.21 124.229 0.0189901 0.664653 2317 44
5900 124.665 123.088 0.0220833 0.772917 2400 53
5920 121.497 120.505 0.0226986 0.794451 2379 54
5940 116.564 117.02 0.0185104 0.647862 2269 42
5960 112.967 113.835 0.0259197 0.907191 2392 62
5980 110.789 111.802 0.0274725 0.961538 2366 65
6000 110.228 110.922 0.019802 0.693069 2424 48
6020 110.756 111.074 0.0203476 0.712166 2359 48
6040 112.323 111.43 0.0217938 0.762783 2386 52
6060 111.168 111.338 0.0207013 0.724546 2367 49
6080 111.02 111.027 0.0204255 0.714894 2350 48
6100 111.053 110.591 0.0185185 0.648148 2322 43
6120 109.997 109.59 0.0201843 0.70645 2279 46
6140 108.363 108.108 0.022339 0.781866 2283 51
6160 105.097 106.972 0.0250531 0.876858 2355 59
6180 105.394 109.137 0.0247483 0.866191 2384 59
6200 117.501 115.779 0.0197802 0.692308 2275 45
6220 118.243 123.651 0.0162532 0.568862 2338 38
6240 138.303 135.199 0.015873 0.555556 2394 38
6260 144.716 148.783 0.0117895 0.412632 2375 28
6280 163.903 162.907 0.0142364 0.498274 2318 33
6300 178.716 178.217 0.0121593 0.425577 2385 29
6320 194.669 190.453 0.00760135 0.266047 2368 18
6340 207.972 201.843 0.00555556 0.194444 2340 13
6360 215.657 210.281 0.0055938 0.195783 2324 13
6380 219.685 215.81 0.00537412 0.188094 2419 13
6400 214.12 221.042 0.00519481 0.181818 2310 12
6420 233.147 223.904 0.00825369 0.288879 2302 19
6440 236.936 224.502 0.00471698 0.165094 2332 11
6460 229.675 221.799 0.00552251 0.193288 2354 13
6480 218.863 215.226 0.00698995 0.244648 2289 16
6500 197.345 208.01 0.00676819 0.236887 2364 16
6520 201.824 200.747 0.00792657 0.27743 2397 19
6540 198.829 193.807 0.00887199 0.31052 2367 21
6560 189.051 185.605 0.00643777 0.225322 2330 15
6580 177.047 174.454 0.0121951 0.426829 2378 29
6600 163.77 161.293 0.0155373 0.543807 2317 36
6620 145.803 146.702 0.0113684 0.397895 2375 27
6640 129.399 131.787 0.0218487 0.764706 2380 52
6660 120.124 119.597 0.020417 0.714596 2302 47
6680 108.093 108.886 0.0236686 0.828402 2366 56
6700 97.97 98.8221 0.0293737 1.02808 2315 68
6720 90.524 89.8166 0.0335993 1.17598 2381 80
6740 79.871 80.1748 0.0331444 1.16005 2293 76
6760 70.993 71.8073 0.0425894 1.49063 2348 100
6780 65.005 66.4513 0.0460581 1.61203 2410 111
6800 65.694 65.5107 0.0596952 2.08933 2362 141
6820 65.243 65.0615 0.0527649 1.84677 2369 125
6840 64.13 63.6453 0.0604874 2.11706 2298 139
6860 60.685 60.519 0.0542245 1.89786 2379 129
6880 56.498 56.6915 0.0704285 2.465 2357 166
6900 53.212 53.7002 0.0729483 2.55319 2303 168
6920 52.735 52.7433 0.0769554 2.69344 2378 183
6940 52.126 53.664 0.0739632 2.58871 2339 173
6960 60.393 60.9063 0.0615648 2.15477 2339 144
6980 70.596 70.808 0.0472606 1.65412 2391 113
7000 81.249 82.4669 0.039199 1.37196 2347 92
7020 96.248 94.9135 0.0268886 0.941101 2343 63
7040 106.398 104.784 0.0211175 0.739111 2273 48
7060 115.62 108.832 0.0260833 0.912915 2377 62
7080 107.855 105.691 0.0255872 0.895554 2384 61
7100 96.645 97.1387 0.0276126 0.96644 2354 65
7120 88.457 88.708 0.0364098 1.27434 2362 86
7140 80.613 79.28 0.0436851 1.52898 2312 101
7160 68.343 67.0841 0.0499573 1.74851 2342 117
7180 50.191 51.343 0.0744998 2.60749 2349 175
7200 38.743 39.108 0.11798 4.1293 2297 271
7220 30.024 28.7552 0.153353 5.36736 2341 359
7240 7.605 7.99347 0.459367 16.0778 2338 1074
7260 0 0 1 35 2296 2296
7280 0 0 1 35 2361 2361
7300 0 0 1 35 2316 2316
7320 0 0 1 35 2395 2395
7340 0 0 1 35 2348 2348
7360 0 0 1 35 2333 2333
7380 0 0 1 35 2354 2354
7400 0 0 1 35 2365 2365
7420 0 0 1 35 2338 2338
7440 0 0 1 35 2380 2380
7460 0 0 1 35 2334 2334
7480 0 0 1 35 2344 2344
7500 0 0 1 35 2355 2355
7520 0 0 1 35 2334 2334
7540 0 0 1 35 2379 2379
7560 0 0 1 35 2407 2407
7580 0 0 1 35 2261 2261
7600 0 0 1 35 2386 2386
7620 0 0 1 35 2394 2394
7640 0 0 1 35 2380 2380
7660 0 0 1 35 2331 2331
7680 0 0 1 35 2369 2369
7700 0 0 1 35 2333 2333
7720 0 0 1 35 2293 2293
7740 0 0 1 35 2318 2318
7760 0 0 1 35 2372 2372
7780 0 0 1 35 2361 2361
7800 0 0 1 35 2355 2355
7820 0 0 1 35 2374 2374
7840 0 0 1 35 2331 2331
7860 0 0 1 35 2318 2318
7880 0 0 1 35 2367 2367
7900 0 0 1 35 2327 2327
7920 0 0 1 35 2325 2325
7940 0 0 1 35 2327 2327
7960 0 0 1 35 2426 2426
7980 0 0 1 35 2413 2413
8000 0 0 1 35 2330 2330
