# s_m X0_mwe X0_shifted_mean_mwe ratio rate_Hz Ncoin_surface Ncoin_underground
-260 0 0 1 36.5 2293 2293
-240 0 0 1 36.5 2453 2453
-220 0 0 1 36.5 2273 2273
-200 0 0 1 36.5 2344 2344
-180 0 0 1 36.5 2380 2380
-160 0.528 0.52759 0.833906 30.4376 2330 1943
-140 0.864 0.863202 0.798946 29.1615 2278 1820
-120 0.936 0.934994 0.784062 28.6183 2334 1830
-100 0.696 0.695252 0.807219 29.4635 2355 1901
-80 0.168 0.168212 0.890886 32.5173 2337 2082
-60 0 0 1 36.5 2422 2422
-40 0 0 1 36.5 2387 2387
-20 0 0 1 36.5 2353 2353
0 0 0 1 36.5 2293 2293
20 0 0 1 36.5 2300 2300
40 0 0 1 36.5 2335 2335
60 0 0 1 36.5 2350 2350
80 0 0 1 36.5 2322 2322
100 0.864 0.859077 0.792755 28.9356 2374 1882
120 0.144 0.144621 0.885988 32.3386 2298 2036
140 0.6 0.601965 0.815054 29.7495 2325 1895
160 1.896 1.88676 0.7387 26.9625 2323 1716
180 1.872 1.88418 0.736686 26.8891 2366 1743
200 3.696 3.7262 0.654822 23.901 2364 1548
220 7.848 8.22365 0.463713 16.9255 2370 1099
240 25.248 24.5526 0.194433 7.0968 2407 468
260 35.832 34.274 0.125816 4.59229 2297 289
280 34.512 33.5184 0.147368 5.37895 2375 350
300 25.128 26.2361 0.176496 6.44209 2340 413
320 27.528 27.7902 0.155584 5.67882 2346 365
340 32.424 32.1114 0.134924 4.92473 2305 311
360 34.56 34.5459 0.129296 4.71929 2328 301
380 36.672 37.1092 0.120184 4.38673 2388 287
400 42.144 41.9719 0.100909 3.6832 2309 233
420 46.44 46.6274 0.0777027 2.83615 2368 184
440 51.528 53.3661 0.075407 2.75236 2334 176
460 67.104 67.2506 0.0504348 1.84087 2300 116
480 82.056 82.0715 0.0377675 1.37851 2383 90
500 97.704 97.1797 0.0357594 1.30522 2377 85
520 112.896 109.648 0.0232258 0.847742 2325 54
540 119.544 118.321 0.0164975 0.602157 2364 39
560 127.08 124.929 0.0140612 0.513234 2418 34
580 130.656 129.566 0.0152607 0.557016 2359 36
600 133.056 131.857 0.0164349 0.599874 2373 39
620 133.728 133.211 0.0149254 0.544776 2345 35
640 134.064 133.663 0.0135593 0.494915 2360 32
660 135.696 133.162 0.0203199 0.741677 2313 47
680 129.528 131.834 0.0162116 0.591724 2344 38
700 129.96 131.266 0.013986 0.51049 2431 34
720 134.064 130.906 0.0169563 0.618906 2359 40
740 131.856 128.378 0.0224007 0.817625 2366 53
760 121.56 124.238 0.0202105 0.737684 2375 48
780 119.04 121.009 0.020017 0.730622 2348 47
800 119.16 119.721 0.0152801 0.557725 2356 36
820 120.552 118.885 0.0227932 0.831952 2413 55
840 120.048 116.168 0.0211685 0.77265 2362 50
860 110.304 111.041 0.0259244 0.946239 2353 61
880 100.584 106.296 0.0267934 0.97796 2314 62
900 108.048 107.855 0.0226496 0.826709 2340 53
920 111.072 110.919 0.0137457 0.501718 2328 32
940 114.192 113.054 0.026383 0.962979 2350 62
960 119.472 112.012 0.0234801 0.857023 2385 56
980 99.288 108.565 0.0241901 0.882937 2315 56
1000 111.432 109.445 0.0254669 0.929542 2356 60
1020 116.904 107.725 0.0247934 0.904959 2299 57
1040 102.432 98.6193 0.0359435 1.31194 2337 84
1060 75.696 82.287 0.0326882 1.19312 2325 76
1080 75.84 73.717 0.0422106 1.54069 2298 97
1100 64.68 67.2825 0.0490978 1.79207 2383 117
1120 65.328 65.9069 0.0536856 1.95952 2347 126
1140 67.56 67.3148 0.0472637 1.72512 2412 114
1160 68.64 68.6467 0.040374 1.47365 2353 95
1180 69.936 69.8035 0.0428571 1.56429 2310 99
1200 70.608 70.9534 0.0497661 1.81646 2351 117
1220 72.6 72.8127 0.039666 1.44781 2395 95
1240 75.432 74.6675 0.0367329 1.34075 2314 85
1260 75.36 75.1808 0.0452391 1.65123 2321 105
1280 74.856 75.345 0.0348739 1.2729 2380 83
1300 75.816 76.4824 0.0402713 1.4699 2359 95
1320 79.392 78.4322 0.0411969 1.50369 2306 95
1340 79.536 79.0934 0.0418428 1.52726 2366 99
1360 78.864 78.8203 0.0380711 1.38959 2364 90
1380 77.976 78.4814 0.0408074 1.48947 2279 93
1400 78.672 78.736 0.039224 1.43167 2371 93
1420 79.152 79.3921 0.0355203 1.29649 2393 85
1440 80.136 80.5128 0.0380952 1.39048 2310 88
1460 81.768 82.2973 0.0393836 1.4375 2336 92
1480 84.792 84.7991 0.0366269 1.33688 2348 86
1500 87.912 87.1595 0.0320346 1.16926 2310 74
1520 89.088 88.9832 0.0346154 1.26346 2340 81
1540 89.904 90.8618 0.029826 1.08865 2414 72
1560 93.048 93.6961 0.0293624 1.07173 2384 70
1580 97.344 97.1537 0.0257928 0.941438 2365 61
1600 101.112 100.735 0.0290958 1.062 2234 65
1620 104.28 103.76 0.0293492 1.07125 2351 69
1640 107.4 106.236 0.025598 0.934326 2383 61
1660 108.264 107.38 0.0210843 0.769578 2324 49
1680 107.4 107.988 0.0220207 0.803756 2316 51
1700 107.784 108.745 0.0237154 0.865613 2277 54
1720 110.328 109.999 0.0189737 0.69254 2319 44
1740 111.816 111.208 0.0175659 0.641154 2391 42
1760 112.152 111.949 0.0263158 0.960526 2318 61
1780 112.8 112.258 0.0229202 0.836587 2356 54
1800 112.44 112.223 0.0221843 0.809727 2344 52
1820 112.008 111.986 0.0238693 0.871231 2388 57
1840 111.312 111.765 0.0204342 0.745849 2349 48
1860 111.744 111.683 0.0267023 0.974633 2247 60
1880 112.344 111.49 0.0289608 1.05707 2348 68
1900 110.376 111.234 0.0232854 0.849915 2362 55
1920 110.544 111.123 0.0218245 0.796595 2291 50
1940 112.296 111.208 0.0202936 0.740717 2316 47
1960 111.288 111.035 0.0291016 1.06221 2371 69
1980 110.088 110.713 0.0251171 0.916773 2349 59
2000 110.112 110.667 0.0211954 0.773633 2359 50
2020 110.784 110.906 0.0237581 0.867171 2315 55
2040 111.264 111.391 0.0235591 0.859907 2377 56
2060 111.864 111.923 0.0220264 0.803965 2270 50
2080 112.8 112.495 0.0207276 0.756557 2364 49
2100 112.872 113.007 0.0197087 0.719366 2334 46
2120 113.064 113.581 0.0241796 0.882556 2316 56
2140 114.096 114.517 0.0236967 0.864929 2321 55
2160 115.368 115.628 0.0222985 0.813894 2332 52
2180 116.712 116.866 0.0191408 0.698639 2351 45
2200 118.032 118.118 0.0198763 0.725486 2264 45
2220 119.712 119.533 0.0187793 0.685446 2343 44
2240 121.296 120.656 0.0161565 0.589711 2352 38
2260 122.184 121.72 0.020592 0.751609 2331 48
2280 122.64 122.47 0.0159345 0.581611 2322 37
2300 123.072 123.02 0.0239214 0.873131 2341 56
2320 123.648 123.45 0.017138 0.625536 2334 40
2340 124.08 123.812 0.0148746 0.542924 2353 35
2360 124.176 124.04 0.0191734 0.69983 2347 45
2380 124.224 124.16 0.0253829 0.926477 2285 58
2400 124.08 124.294 0.0169051 0.617035 2307 39
2420 124.44 124.461 0.0158866 0.579863 2329 37
2440 124.728 124.637 0.019657 0.717482 2391 47
2460 124.728 124.839 0.0207075 0.755824 2318 48
2480 124.776 125.151 0.0191827 0.700167 2398 46
2500 125.232 125.587 0.0227082 0.828848 2378 54
2520 126.072 126.064 0.0157985 0.576644 2342 37
2540 127.056 126.635 0.0169276 0.617859 2363 40
2560 127.488 127.034 0.0203995 0.744581 2353 48
2580 127.272 127.239 0.0146048 0.533076 2328 34
2600 127.128 127.446 0.0195507 0.713602 2404 47
2620 127.32 127.694 0.0154618 0.564354 2393 37
2640 128.016 128.132 0.0188356 0.6875 2336 44
2660 128.904 128.539 0.0211298 0.771238 2319 49
2680 129.408 128.771 0.0108696 0.396739 2392 26
2700 129.456 128.662 0.0217482 0.79381 2391 52
2720 128.712 128.24 0.0134025 0.489192 2313 31
2740 127.416 127.657 0.0189793 0.692746 2371 45
2760 126.624 127.079 0.0152866 0.557962 2355 36
2780 126.312 126.644 0.0205832 0.751286 2332 48
2800 126.264 126.403 0.0187891 0.685804 2395 45
2820 126.12 126.31 0.0165816 0.60523 2352 39
2840 126.096 126.344 0.0166311 0.607036 2345 39
2860 125.952 126.637 0.0215554 0.786771 2366 51
2880 126.624 127.259 0.0162907 0.594612 2394 39
2900 127.536 128.185 0.0181205 0.661399 2373 43
2920 129.336 129.341 0.0202617 0.739553 2369 48
2940 131.016 130.579 0.0148557 0.542233 2356 35
2960 132.216 131.729 0.01625 0.593125 2400 39
2980 132.816 132.647 0.014157 0.516731 2331 33
3000 133.512 133.394 0.0144619 0.52786 2351 34
3020 134.28 134.035 0.0163248 0.595856 2389 39
3040 134.808 134.589 0.0123826 0.451964 2342 29
3060 135.12 135.013 0.0202151 0.737849 2325 47
3080 135.384 135.359 0.0169492 0.618644 2301 39
3100 135.72 135.681 0.0183486 0.669725 2289 42
3120 136.032 135.976 0.0124197 0.453319 2335 29
3140 136.368 136.21 0.0142795 0.521203 2311 33
3160 136.488 136.386 0.0179872 0.656531 2335 42
3180 136.536 136.526 0.0126476 0.461636 2372 30
3200 136.56 136.627 0.0191489 0.698936 2350 45
3220 136.872 136.74 0.0128952 0.470674 2404 31
3240 136.848 136.81 0.014218 0.518957 2321 33
3260 136.944 136.852 0.0169421 0.618388 2420 41
3280 136.92 136.831 0.0152349 0.556073 2363 36
3300 136.848 136.781 0.0140545 0.51299 2348 33
3320 136.68 136.688 0.0150279 0.548519 2329 35
3340 136.656 136.565 0.0161702 0.590213 2350 38
3360 136.488 136.426 0.016617 0.606519 2347 39
3380 136.176 136.278 0.016436 0.599913 2312 38
3400 136.056 136.159 0.0138191 0.504397 2388 33
3420 135.984 136.08 0.0128315 0.468349 2338 30
3440 136.008 136.05 0.012309 0.449278 2356 29
3460 135.936 136.075 0.019948 0.728101 2306 46
3480 136.056 136.144 0.012959 0.473002 2315 30
3500 136.272 136.264 0.0127119 0.463983 2360 30
3520 136.416 136.383 0.0135421 0.494287 2363 32
3540 136.488 136.538 0.0155912 0.569078 2309 36
3560 136.512 136.714 0.0107296 0.391631 2330 25
3580 136.896 136.912 0.0152893 0.558058 2420 37
3600 137.376 137.081 0.0144483 0.527364 2284 33
3620 137.616 137.135 0.0162185 0.591976 2343 38
3640 137.376 137.019 0.0175815 0.641724 2332 41
3660 136.728 136.799 0.0125892 0.459505 2383 30
3680 136.296 136.555 0.0189573 0.691943 2321 44
3700 136.008 136.401 0.0211298 0.771238 2319 49
3720 136.056 136.402 0.0174709 0.637687 2404 42
3740 136.392 136.591 0.0181053 0.660842 2375 43
3760 136.824 136.837 0.0227663 0.830971 2328 53
3780 137.208 137.114 0.0139299 0.508442 2369 33
3800 137.544 137.353 0.0158052 0.57689 2341 37
3820 137.568 137.561 0.0121475 0.443384 2305 28
3840 137.688 137.723 0.0150862 0.550647 2320 35
3860 137.784 137.906 0.0155039 0.565891 2322 36
3880 138.144 138.117 0.0159933 0.583754 2376 38
3900 138.528 138.323 0.0149381 0.545241 2343 35
3920 138.432 138.491 0.0120846 0.441088 2317 28
3940 138.432 138.711 0.0170648 0.622867 2344 40
3960 138.912 139.001 0.0172414 0.62931 2320 40
3980 139.176 139.327 0.0163866 0.598109 2380 39
4000 139.632 139.8 0.0156863 0.572549 2295 36
4020 140.016 140.308 0.0139653 0.509733 2363 33
4040 140.976 140.882 0.0108605 0.396408 2394 26
4060 141.84 141.392 0.017484 0.638166 2345 41
4080 142.056 141.818 0.0182668 0.666737 2354 43
4100 141.984 142.176 0.0165324 0.603434 2359 39
4120 142.272 142.638 0.0134141 0.489615 2311 31
4140 143.016 143.157 0.0181129 0.66112 2374 43
4160 143.976 143.676 0.0108696 0.396739 2392 26
4180 144.6 144.073 0.0145923 0.532618 2330 34
4200 144.768 144.205 0.0120378 0.439381 2326 28
4220 144.72 144.128 0.0144129 0.52607 2359 34
4240 144.144 143.805 0.0154308 0.563223 2333 36
4260 143.424 143.295 0.0121107 0.442042 2312 28
4280 142.512 142.776 0.0106519 0.388794 2347 25
4300 141.84 142.317 0.0147804 0.539485 2368 35
4320 141.528 142.036 0.0144129 0.52607 2359 34
4340 141.576 142.039 0.0136694 0.498932 2341 32
4360 141.792 142.321 0.0125054 0.456447 2319 29
4380 142.368 142.72 0.0128811 0.470159 2329 30
4400 143.232 143.391 0.014919 0.544544 2346 35
4420 144.288 144.143 0.0144251 0.526517 2357 34
4440 144.648 144.912 0.0108696 0.396739 2392 26
4460 145.584 145.705 0.0143979 0.525524 2292 33
4480 146.832 146.502 0.0140728 0.513659 2416 34
4500 147.528 147.184 0.0127082 0.463848 2282 29
4520 148.008 147.688 0.0156052 0.569591 2371 37
4540 148.368 148.17 0.0108225 0.395022 2310 25
4560 148.656 148.488 0.0106247 0.387803 2353 25
4580 148.56 148.77 0.0164349 0.599874 2373 39
4600 148.944 149.092 0.0104575 0.381699 2295 24
4620 149.448 149.445 0.0128645 0.469554 2332 30
4640 149.856 149.738 0.0118143 0.431224 2370 28
4660 150.36 149.98 0.0135997 0.496388 2353 32
4680 150.72 150.078 0.012425 0.453513 2334 29
4700 150.36 149.946 0.0101394 0.370089 2367 24
4720 149.712 149.602 0.0157873 0.576236 2407 38
4740 149.472 149.212 0.0131803 0.48108 2352 31
4760 148.872 148.7 0.0157205 0.573799 2290 36
4780 147.624 148.267 0.012527 0.457235 2315 29
4800 146.952 148.036 0.0130691 0.477024 2372 31
4820 147.72 148.071 0.00899358 0.328266 2335 21
4840 148.68 148.17 0.0134454 0.490756 2380 32
4860 149.208 148.219 0.0179017 0.653414 2402 43
4880 147.696 148.007 0.0126743 0.462611 2367 30
4900 148.488 147.648 0.0166453 0.607554 2343 39
4920 147.216 147.229 0.0136533 0.498345 2417 33
4940 145.992 146.776 0.0106746 0.389624 2342 25
4960 145.704 146.59 0.0117035 0.427178 2307 27
4980 146.496 146.541 0.0153584 0.56058 2344 36
5000 147.288 146.523 0.0151643 0.553496 2374 36
5020 147.072 146.363 0.0126476 0.461636 2372 30
5040 146.4 145.989 0.0128977 0.470765 2326 30
5060 143.808 145.604 0.0154038 0.56224 2402 37
5080 146.592 145.105 0.0156182 0.570065 2305 36
5100 146.112 144.39 0.0141903 0.517947 2396 34
5120 143.64 143.392 0.013468 0.491582 2376 32
5140 141.552 142.154 0.0115335 0.420974 2341 27
5160 140.448 140.994 0.0127979 0.467123 2266 29
5180 140.856 139.908 0.0127823 0.466553 2347 30
5200 140.304 138.366 0.015812 0.577137 2340 37
5220 136.896 136.384 0.0131694 0.480685 2278 30
5240 133.56 134.427 0.0167959 0.613049 2322 39
5260 131.544 132.622 0.0104393 0.381035 2299 24
5280 130.68 130.875 0.0168563 0.615255 2373 40
5300 129.768 129.199 0.020185 0.736754 2378 48
5320 128.184 127.63 0.0161222 0.58846 2357 38
5340 126.096 125.635 0.0219224 0.800169 2372 52
5360 123.312 123.487 0.0227656 0.830944 2372 54
5380 121.776 121.011 0.0210753 0.769247 2325 49
5400 119.472 118.001 0.0210526 0.768421 2375 50
5420 115.968 114.615 0.0211025 0.770241 2322 49
5440 111.24 110.947 0.0234142 0.854619 2349 55
5460 106.128 106.333 0.0211954 0.773633 2359 50
5480 101.112 102.007 0.0291424 1.0637 2402 70
5500 96.96 98.1346 0.0273684 0.998947 2375 65
5520 94.344 94.9619 0.0291939 1.06558 2295 67
5540 92.112 91.766 0.0351178 1.2818 2335 82
5560 88.776 89.2714 0.0295757 1.07951 2333 69
5580 86.448 86.5498 0.0399168 1.45696 2405 96
5600 84.072 84.1786 0.0391323 1.42833 2351 92
5620 82.008 81.7716 0.0361088 1.31797 2354 85
5640 78.888 79.8005 0.039501 1.44179 2405 95
5660 77.04 78.3776 0.0433867 1.58361 2374 103
5680 75.408 78.297 0.0362887 1.32454 2425 88
5700 76.92 80.2614 0.0375162 1.36934 2319 87
5720 82.56 84.5596 0.0324232 1.18345 2344 76
5740 91.296 89.6632 0.0377028 1.37615 2281 86
5760 97.224 93.6837 0.0248691 0.907723 2292 57
5780 97.488 96.2243 0.0340136 1.2415 2352 80
5800 97.08 97.3398 0.0266781 0.973752 2324 62
5820 97.896 97.9508 0.0299501 1.09318 2404 72
5840 98.232 98.7016 0.028169 1.02817 2343 66
5860 99.048 99.7419 0.0270502 0.987334 2329 63
5880 102.24 100.792 0.0250324 0.913681 2317 58
5900 102.888 100.563 0.0316667 1.15583 2400 76
5920 99.72 98.297 0.0344683 1.25809 2379 82
5940 93.984 94.6744 0.0326135 1.19039 2269 74
5960 90.192 91.4928 0.0351171 1.28177 2392 84
5980 88.464 89.9508 0.0363483 1.32671 2366 86
6000 89.088 90.1106 0.0330033 1.20462 2424 80
6020 91.296 91.7791 0.0292497 1.06761 2359 69
6040 95.016 93.72 0.0284996 1.04023 2386 68
6060 94.776 95.0156 0.0240811 0.878961 2367 57
6080 96 96.0467 0.0280851 1.02511 2350 66
6100 97.488 96.8467 0.0288544 1.05319 2322 67
6120 97.392 96.831 0.0263273 0.960948 2279 60
6140 96.456 95.9921 0.0280333 1.02322 2283 64
6160 93.144 95.4003 0.0305732 1.11592 2355 72
6180 95.016 98.0799 0.0318792 1.16359 2384 76
6200 106.416 104.628 0.0250549 0.914505 2275 57
6220 107.088 111.931 0.0188195 0.686912 2338 44
6240 125.256 122.424 0.0183793 0.670844 2394 44
6260 131.064 134.742 0.0143158 0.522526 2375 34
6280 148.44 147.536 0.0155306 0.566868 2318 36
6300 161.856 161.404 0.0146751 0.535639 2385 35
6320 176.304 172.485 0.00929054 0.339105 2368 22
6340 188.352 182.802 0.00769231 0.280769 2340 18
6360 195.312 190.444 0.00645439 0.235585 2324 15
6380 198.96 195.451 0.00578752 0.211244 2419 14
6400 193.92 200.189 0.00692641 0.252814 2310 16
6420 211.152 202.781 0.00825369 0.30126 2302 19
6440 214.584 203.323 0.00557461 0.203473 2332 13
6460 208.008 200.875 0.00637213 0.232583 2354 15
6480 198.216 194.922 0.00917431 0.334862 2289 21
6500 178.728 188.387 0.00803723 0.293359 2364 19
6520 182.784 181.809 0.00917814 0.335002 2397 22
6540 180.072 175.523 0.0101394 0.370089 2367 24
6560 171.216 168.095 0.0103004 0.375966 2330 24
6580 160.344 157.996 0.0134567 0.491169 2378 32
6600 148.32 146.076 0.0198533 0.724644 2317 46
6620 132.048 132.862 0.0143158 0.522526 2375 34
6640 117.192 119.355 0.0239496 0.87416 2380 57
6660 108.792 108.315 0.0243267 0.887924 2302 56
6680 97.896 98.6145 0.0300085 1.09531 2366 71
6700 88.728 89.4996 0.0332613 1.21404 2315 77
6720 81.984 81.3434 0.0382192 1.395 2381 91
6740 72.336 72.6113 0.0423027 1.54405 2293 97
6760 64.296 65.0332 0.0515332 1.88096 2348 121
6780 58.872 60.1821 0.0539419 1.96888 2410 130
6800 59.496 59.3301 0.0677392 2.47248 2362 160
6820 59.088 58.9235 0.0628957 2.29569 2369 149
6840 58.08 57.641 0.0687554 2.50957 2298 158
6860 54.96 54.8097 0.0638924 2.33207 2379 152
6880 51.168 51.3433 0.0789139 2.88036 2357 186
6900 48.192 48.6341 0.0816327 2.97959 2303 188
6920 47.76 47.7675 0.0853659 3.11585 2378 203
6940 47.208 48.6011 0.0820864 2.99615 2339 192
6960 54.696 55.1606 0.0688328 2.5124 2339 161
6980 63.936 64.128 0.0572982 2.09138 2391 137
7000 73.584 74.687 0.0455901 1.66404 2347 107
7020 87.168 85.9593 0.0315834 1.1528 2343 74
7040 96.36 94.8985 0.0272767 0.995601 2273 62
7060 104.712 98.5641 0.0302903 1.1056 2377 72
7080 97.68 95.7204 0.0314597 1.14828 2384 75
7100 87.528 87.9749 0.0318607 1.16291 2354 75
7120 80.112 80.3394 0.045724 1.66892 2362 108
7140 73.008 71.8009 0.0527682 1.92604 2312 122
7160 61.896 60.7556 0.059351 2.16631 2342 139
7180 45.456 46.4994 0.0872712 3.1854 2349 205
7200 35.088 35.4186 0.13017 4.7512 2297 299
7220 27.192 26.0429 0.172576 6.29902 2341 404
7240 6.888 7.23981 0.481608 17.5787 2338 1126
7260 0 0 1 36.5 2296 2296
7280 0 0 1 36.5 2361 2361
7300 0 0 1 36.5 2316 2316
7320 0 0 1 36.5 2395 2395
7340 0 0 1 36.5 2348 2348
7360 0 0 1 36.5 2333 2333
7380 0 0 1 36.5 2354 2354
7400 0 0 1 36.5 2365 2365
7420 0 0 1 36.5 2338 2338
7440 0 0 1 36.5 2380 2380
7460 0 0 1 36.5 2334 2334
7480 0 0 1 36.5 2344 2344
7500 0 0 1 36.5 2355 2355
7520 0 0 1 36.5 2334 2334
7540 0 0 1 36.5 2379 2379
7560 0 0 1 36.5 2407 2407
7580 0 0 1 36.5 2261 2261
7600 0 0 1 36.5 2386 2386
7620 0 0 1 36.5 2394 2394
7640 0 0 1 36.5 2380 2380
7660 0 0 1 36.5 2331 2331
7680 0 0 1 36.5 2369 2369
7700 0 0 1 36.5 2333 2333
7720 0 0 1 36.5 2293 2293
7740 0 0 1 36.5 2318 2318
7760 0 0 1 36.5 2372 2372
7780 0 0 1 36.5 2361 2361
7800 0 0 1 36.5 2355 2355
7820 0 0 1 36.5 2374 2374
7840 0 0 1 36.5 2331 2331
7860 0 0 1 36.5 2318 2318
7880 0 0 1 36.5 2367 2367
7900 0 0 1 36.5 2327 2327
7920 0 0 1 36.5 2325 2325
7940 0 0 1 36.5 2327 2327
7960 0 0 1 36.5 2426 2426
7980 0 0 1 36.5 2413 2413
8000 0 0 1 36.5 2330 2330
