# s_m X0_mwe X0_shifted_mean_mwe ratio rate_Hz Ncoin_surface Ncoin_underground
-260 0 0 1 36.5 2293 2293
-240 0 0 1 36.5 2453 2453
-220 0 0 1 36.5 2273 2273
-200 0 0 1 36.5 2344 2344
-180 0 0 1 36.5 2380 2380
-160 0.528 0.52759 0.833906 30.4376 2330 1943
-140 0.864 0.863202 0.798946 29.1615 2278 1820
-120 0.936 0.934994 0.784062 28.6183 2334 1830
-100 0.696 0.695252 0.807219 29.4635 2355 1901
-80 0.168 0.168212 0.890886 32.5173 2337 2082
-60 0 0 1 36.5 2422 2422
-40 0 0 1 36.5 2387 2387
-20 0 0 1 36.5 2353 2353
0 0 0 1 36.5 2293 2293
20 0 0 1 36.5 2300 2300
40 0 0 1 36.5 2335 2335
60 0 0 1 36.5 2350 2350
80 0 0 1 36.5 2322 2322
100 0.864 0.859077 0.792755 28.9356 2374 1882
120 0.144 0.144621 0.885988 32.3386 2298 2036
140 0.6 0.601965 0.815054 29.7495 2325 1895
160 1.896 1.88676 0.7387 26.9625 2323 1716
180 1.872 1.88418 0.736686 26.8891 2366 1743
200 3.696 3.7262 0.654822 23.901 2364 1548
220 7.848 8.22365 0.463713 16.9255 2370 1099
240 25.248 24.5526 0.194433 7.0968 2407 468
260 35.832 34.274 0.125816 4.59229 2297 289
280 34.512 33.5184 0.147368 5.37895 2375 350
300 25.128 26.2361 0.176496 6.44209 2340 413
320 27.528 27.7902 0.155584 5.67882 2346 365
340 32.424 32.1114 0.134924 4.92473 2305 311
360 34.56 34.5459 0.129296 4.71929 2328 301
380 36.672 37.1092 0.120184 4.38673 2388 287
400 42.144 41.9719 0.100909 3.6832 2309 233
420 46.44 46.6274 0.0777027 2.83615 2368 184
440 51.528 53.3661 0.075407 2.75236 2334 176
460 67.104 67.2506 0.0504348 1.84087 2300 116
480 82.056 82.0715 0.0377675 1.37851 2383 90
500 97.704 97.1797 0.0357594 1.30522 2377 85
520 112.896 109.648 0.0232258 0.847742 2325 54
540 119.544 118.321 0.0164975 0.602157 2364 39
560 127.08 124.929 0.0140612 0.513234 2418 34
580 130.656 129.566 0.0152607 0.557016 2359 36
600 133.056 131.857 0.0164349 0.599874 2373 39
620 133.728 133.211 0.0149254 0.544776 2345 35
640 134.064 133.663 0.0135593 0.494915 2360 32
660 135.696 133.162 0.0203199 0.741677 2313 47
680 129.528 131.834 0.0162116 0.591724 2344 38
700 129.96 131.266 0.013986 0.51049 2431 34
720 134.064 130.906 0.0169563 0.618906 2359 40
740 131.856 128.378 0.0224007 0.817625 2366 53
760 121.56 124.238 0.0202105 0.737684 2375 48
780 119.04 121.009 0.020017 0.730622 2348 47
800 119.16 119.721 0.0152801 0.557725 2356 36
820 120.552 118.885 0.0227932 0.831952 2413 55
840 120.048 116.168 0.0211685 0.77265 2362 50
860 110.304 111.041 0.0259244 0.946239 2353 61
880 100.584 106.296 0.0267934 0.97796 2314 62
900 108.048 107.855 0.0226496 0.826709 2340 53
920 111.072 110.919 0.0137457 0.501718 2328 32
940 114.192 113.054 0.026383 0.962979 2350 62
960 119.472 112.012 0.0234801 0.857023 2385 56
980 99.288 108.565 0.0241901 0.882937 2315 56
1000 111.432 109.445 0.0254669 0.929542 2356 60
1020 116.904 107.725 0.0247934 0.904959 2299 57
1040 102.432 98.6193 0.0359435 1.31194 2337 84
1060 75.696 82.287 0.0326882 1.19312 2325 76
1080 75.84 73.717 0.0422106 1.54069 2298 97
1100 64.68 67.2825 0.0490978 1.79207 2383 117
1120 65.328 65.907 0.0536856 1.95952 2347 126
1140 67.56 67.3223 0.0472637 1.72512 2412 114
1160 68.64 68.7462 0.040374 1.47365 2353 95
1180 70.336 70.2705 0.0428571 1.56429 2310 99
1200 71.698 71.8961 0.0489154 1.78541 2351 115
1220 73.83 73.9658 0.0388309 1.41733 2395 93
1240 76.452 76.0147 0.0358686 1.3092 2314 83
1260 77.38 77.2629 0.0443774 1.61978 2321 103
1280 78.056 78.3221 0.0327731 1.19622 2380 78
1300 79.586 79.9407 0.0360322 1.31518 2359 85
1320 82.642 82.094 0.0394623 1.44037 2306 91
1340 83.696 83.4351 0.0397295 1.45013 2366 94
1360 84.274 84.2412 0.034687 1.26607 2364 82
1380 84.726 85.0138 0.0351031 1.28126 2279 80
1400 86.102 86.1639 0.0371151 1.3547 2371 88
1420 87.352 87.501 0.0313414 1.14396 2393 75
1440 88.896 89.1068 0.0337662 1.23247 2310 78
1460 90.818 91.1122 0.0359589 1.3125 2336 84
1480 93.552 93.5605 0.0298126 1.08816 2348 70
1500 96.342 95.8923 0.025974 0.948052 2310 60
1520 97.998 97.9211 0.0286325 1.04509 2340 67
1540 99.444 99.991 0.0260978 0.952568 2414 63
1560 102.248 102.629 0.0247483 0.903314 2384 59
1580 105.724 105.598 0.0224101 0.81797 2365 53
1600 108.892 108.657 0.0241719 0.882274 2234 54
1620 111.71 111.363 0.0267971 0.978094 2351 63
1640 114.5 113.839 0.0247587 0.903693 2383 59
1660 115.974 115.452 0.0154905 0.565404 2324 36
1680 116.44 116.81 0.0189983 0.693437 2316 44
1700 117.634 118.193 0.0188845 0.689284 2277 43
1720 120.088 119.882 0.0159552 0.582363 2319 37
1740 121.926 121.571 0.0138018 0.503764 2391 33
1760 123.092 122.982 0.0202761 0.740078 2318 47
1780 124.44 124.114 0.0216469 0.79011 2356 51
1800 125.2 125.107 0.0174915 0.638439 2344 41
1820 125.918 125.9 0.0180067 0.657245 2388 43
1840 126.482 126.778 0.0166028 0.606003 2349 39
1860 127.704 127.599 0.024032 0.87717 2247 54
1880 128.984 128.479 0.0229983 0.839438 2348 54
1900 128.736 129.137 0.0165114 0.602667 2362 39
1920 129.704 129.978 0.0170231 0.621344 2291 39
1940 131.556 130.914 0.0129534 0.472798 2316 30
1960 131.768 131.551 0.0215099 0.785112 2371 51
1980 131.828 132.159 0.0187314 0.683695 2349 44
2000 132.562 132.899 0.0165324 0.603434 2359 39
2020 133.644 133.632 0.0177106 0.646436 2315 41
2040 134.584 134.613 0.0176693 0.644931 2377 42
2060 135.554 135.528 0.015859 0.578855 2270 36
2080 136.69 136.476 0.0148054 0.540398 2364 35
2100 137.282 137.319 0.0162811 0.594259 2334 38
2120 137.914 138.145 0.0177029 0.646157 2316 41
2140 138.996 139.225 0.0155106 0.566135 2321 36
2160 140.188 140.31 0.0175815 0.641724 2332 41
2180 141.382 141.442 0.0123352 0.450234 2351 29
2200 142.532 142.52 0.0150177 0.548145 2264 34
2220 143.862 143.708 0.0140845 0.514085 2343 33
2240 145.096 144.647 0.0114796 0.419005 2352 27
2260 145.884 145.564 0.017589 0.641999 2331 41
2280 146.39 146.243 0.0111972 0.408699 2322 26
2300 146.842 146.767 0.0183682 0.67044 2341 43
2320 147.348 147.18 0.0145673 0.531705 2334 34
2340 147.74 147.544 0.0123247 0.449851 2353 29
2360 147.896 147.801 0.0149127 0.544312 2347 35
2380 148.024 147.977 0.0175055 0.63895 2285 40
2400 148.04 148.163 0.0125704 0.458821 2307 29
2420 148.35 148.366 0.0133104 0.485831 2329 31
2440 148.618 148.567 0.0150565 0.549561 2391 36
2460 148.718 148.783 0.015962 0.582614 2318 37
2480 148.846 149.073 0.0133445 0.487073 2398 32
2500 149.212 149.424 0.0176619 0.644659 2378 42
2520 149.802 149.793 0.00939368 0.342869 2342 22
2540 150.476 150.23 0.0139653 0.509733 2363 33
2560 150.828 150.565 0.0169996 0.620484 2353 40
2580 150.802 150.781 0.00987973 0.36061 2328 23
2600 150.818 151.008 0.0128952 0.470674 2404 31
2620 151.03 151.244 0.0104471 0.381321 2393 25
2640 151.536 151.61 0.0145548 0.53125 2336 34
2660 152.154 151.94 0.0150927 0.550884 2319 35
2680 152.548 152.182 0.0083612 0.305184 2392 20
2700 152.676 152.211 0.0154747 0.564826 2391 37
2720 152.342 152.067 0.0116732 0.42607 2313 27
2740 151.686 151.823 0.0122311 0.446436 2371 29
2760 151.324 151.589 0.0106157 0.387473 2355 25
2780 151.242 151.436 0.0137221 0.500858 2332 32
2800 151.314 151.392 0.0121086 0.441962 2395 29
2820 151.33 151.442 0.0123299 0.450043 2352 29
2840 151.416 151.558 0.0098081 0.357996 2345 23
2860 151.432 151.836 0.0160609 0.586221 2366 38
2880 151.924 152.295 0.0112782 0.411654 2394 27
2900 152.556 152.935 0.0160135 0.584492 2373 38
2920 153.706 153.706 0.0151963 0.554664 2369 36
2940 154.786 154.529 0.0106112 0.387309 2356 25
2960 155.586 155.303 0.0125 0.45625 2400 30
2980 156.036 155.94 0.010725 0.391463 2331 25
3000 156.542 156.472 0.0106338 0.388133 2351 25
3020 157.09 156.945 0.012139 0.443072 2389 29
3040 157.498 157.372 0.0089667 0.327284 2342 21
3060 157.78 157.715 0.0154839 0.565161 2325 36
3080 158.034 158.017 0.0126032 0.460017 2301 29
3100 158.33 158.306 0.0126693 0.462429 2289 29
3120 158.612 158.582 0.00942184 0.343897 2335 22
3140 158.908 158.815 0.0112505 0.410645 2311 26
3160 159.078 159.019 0.0111349 0.406424 2335 26
3180 159.206 159.202 0.00927487 0.338533 2372 22
3200 159.32 159.347 0.0161702 0.590213 2350 38
3220 159.602 159.525 0.00956739 0.34921 2404 23
3240 159.688 159.665 0.0112021 0.408875 2321 26
3260 159.844 159.791 0.0123967 0.452479 2420 30
3280 159.93 159.879 0.0118493 0.432501 2363 28
3300 159.988 159.946 0.0106474 0.388629 2348 25
3320 159.99 159.995 0.0128811 0.470159 2329 30
3340 160.076 160.026 0.0102128 0.372766 2350 24
3360 160.078 160.041 0.011504 0.419898 2347 27
3380 159.996 160.053 0.0108131 0.39468 2312 25
3400 160.026 160.085 0.00795645 0.29041 2388 19
3420 160.084 160.14 0.0111206 0.405902 2338 26
3440 160.198 160.225 0.0101868 0.371817 2356 24
3460 160.256 160.332 0.0169124 0.617303 2306 39
3480 160.426 160.474 0.00993521 0.362635 2315 23
3500 160.652 160.646 0.00932203 0.340254 2360 22
3520 160.836 160.811 0.0101566 0.370715 2363 24
3540 160.978 161.007 0.0112603 0.411 2309 26
3560 161.092 161.211 0.00815451 0.297639 2330 19
3580 161.416 161.422 0.011157 0.407231 2420 27
3600 161.796 161.622 0.0109457 0.399518 2284 25
3620 162.026 161.751 0.00853606 0.311566 2343 20
3640 161.996 161.788 0.0124357 0.453902 2332 29
3660 161.718 161.755 0.010491 0.382921 2383 25
3680 161.566 161.714 0.0133563 0.487505 2321 31
3700 161.498 161.726 0.0155239 0.566624 2319 36
3720 161.626 161.825 0.0120632 0.440308 2404 29
3740 161.922 162.036 0.0138947 0.507158 2375 33
3760 162.274 162.285 0.0137457 0.501718 2328 32
3780 162.598 162.547 0.00970874 0.354369 2369 23
3800 162.894 162.781 0.0123879 0.452157 2341 29
3820 163.008 163.007 0.00867679 0.316703 2305 20
3840 163.178 163.193 0.012069 0.440517 2320 28
3860 163.324 163.395 0.0124892 0.455857 2322 29
3880 163.634 163.623 0.0105219 0.384049 2376 25
3900 163.968 163.847 0.0136577 0.498506 2343 32
3920 164.012 164.041 0.00733707 0.267803 2317 17
3940 164.112 164.276 0.0136519 0.498294 2344 32
3960 164.492 164.547 0.0142241 0.519181 2320 33
3980 164.746 164.829 0.0121849 0.444748 2380 29
4000 165.102 165.212 0.0100218 0.365795 2295 23
4020 165.436 165.605 0.011003 0.401608 2363 26
4040 166.096 166.041 0.00877193 0.320175 2394 21
4060 166.7 166.436 0.0127932 0.466951 2345 30
4080 166.926 166.783 0.0144435 0.527188 2354 34
4100 166.984 167.089 0.0118694 0.433234 2359 28
4120 167.252 167.465 0.00908698 0.331675 2311 21
4140 167.786 167.866 0.014743 0.538121 2374 35
4160 168.446 168.268 0.00919732 0.335702 2392 22
4180 168.91 168.601 0.0111588 0.407296 2330 26
4200 169.108 168.778 0.0094583 0.345228 2326 22
4220 169.18 168.832 0.0118694 0.433234 2359 28
4240 168.944 168.745 0.0132876 0.484998 2333 31
4260 168.624 168.551 0.00821799 0.299957 2312 19
4280 168.192 168.343 0.00766937 0.279932 2347 18
4300 167.9 168.179 0.0122466 0.447002 2368 29
4320 167.818 168.113 0.00805426 0.293981 2359 19
4340 167.946 168.214 0.00939769 0.343016 2341 22
4360 168.172 168.487 0.00948685 0.34627 2319 22
4380 168.608 168.808 0.00772864 0.282095 2329 18
4400 169.212 169.305 0.0127877 0.466752 2346 30
4420 169.928 169.846 0.0123038 0.449088 2357 29
4440 170.238 170.394 0.00794314 0.289925 2392 19
4460 170.884 170.957 0.0113438 0.414049 2292 26
4480 171.712 171.521 0.0124172 0.453228 2416 30
4500 172.218 172.02 0.0105171 0.383874 2282 24
4520 172.598 172.404 0.0122311 0.446436 2371 29
4540 172.908 172.798 0.00649351 0.237013 2310 15
4560 173.176 173.077 0.00892478 0.325754 2353 21
4580 173.22 173.342 0.0117994 0.430678 2373 28
4600 173.544 173.631 0.00827887 0.302179 2295 19
4620 173.938 173.94 0.00986278 0.359991 2332 23
4640 174.276 174.199 0.0092827 0.338819 2370 22
4660 174.67 174.45 0.00892478 0.325754 2353 21
4680 174.98 174.607 0.00985433 0.359683 2334 23
4700 174.87 174.625 0.00718209 0.262146 2367 17
4720 174.592 174.536 0.0103864 0.379103 2407 25
4740 174.552 174.4 0.00977891 0.35693 2352 23
4760 174.302 174.201 0.0122271 0.446288 2290 28
4780 173.674 174.05 0.0103672 0.378402 2315 24
4800 173.382 174.016 0.00969646 0.353921 2372 23
4820 173.93 174.138 0.00513919 0.18758 2335 12
4840 174.59 174.289 0.0105042 0.383403 2380 25
4860 174.998 174.42 0.0124896 0.45587 2402 30
4880 174.216 174.393 0.00844951 0.308407 2367 20
4900 174.778 174.275 0.0140845 0.514085 2343 33
4920 174.136 174.109 0.0103434 0.377534 2417 25
4940 173.522 173.92 0.0059778 0.21819 2342 14
4960 173.404 173.845 0.00780234 0.284785 2307 18
4980 173.886 173.828 0.012372 0.451578 2344 29
5000 174.318 173.78 0.0126369 0.461247 2374 30
5020 174.112 173.614 0.00885329 0.323145 2372 21
5040 173.6 173.278 0.00816853 0.298151 2326 19
5060 171.928 172.896 0.00957535 0.3495 2402 23
5080 173.352 172.393 0.00997831 0.364208 2305 23
5100 172.822 171.703 0.0112688 0.411311 2396 27
5120 171.09 170.837 0.00968013 0.353325 2376 23
5140 169.532 169.778 0.00897053 0.327424 2341 21
5160 168.508 168.723 0.00926743 0.338261 2266 21
5180 168.326 167.691 0.0102258 0.373242 2347 24
5200 167.534 166.312 0.0102564 0.374359 2340 24
5220 165.036 164.625 0.00834065 0.304434 2278 19
5240 162.54 162.945 0.0103359 0.377261 2322 24
5260 160.764 161.34 0.00782949 0.285776 2299 18
5280 159.62 159.653 0.0126422 0.461441 2373 30
5300 158.398 157.966 0.0126156 0.460471 2378 30
5320 156.744 156.378 0.00890963 0.325202 2357 21
5340 154.756 154.418 0.0181282 0.661678 2372 43
5360 152.322 152.379 0.0160202 0.584739 2372 38
5380 150.566 150.054 0.015914 0.58086 2325 37
5400 148.322 147.348 0.0151579 0.553263 2375 36
5420 145.328 144.465 0.0155039 0.565891 2322 36
5440 141.59 141.456 0.0123457 0.450617 2349 29
5460 137.618 137.729 0.0135651 0.495125 2359 32
5480 133.702 134.207 0.0183181 0.668609 2402 44
5500 130.29 130.962 0.0147368 0.537895 2375 35
5520 127.774 128.166 0.0183007 0.667974 2295 42
5540 125.482 125.223 0.0197002 0.719058 2335 46
5560 122.546 122.867 0.0180026 0.657094 2333 42
5580 120.198 120.23 0.0220374 0.804366 2405 53
5600 117.822 117.886 0.0212675 0.776265 2351 50
5620 115.628 115.464 0.0203908 0.744265 2354 48
5640 112.818 113.369 0.0191268 0.698129 2405 46
5660 110.75 111.499 0.0235889 0.860994 2374 56
5680 108.808 110.481 0.0218557 0.797732 2425 53
5700 108.7 110.645 0.025442 0.928633 2319 59
5720 111 112.12 0.0170648 0.622867 2344 40
5740 115.106 114.126 0.0232354 0.848093 2281 53
5760 117.574 115.535 0.0135253 0.493674 2292 31
5780 116.738 115.99 0.0212585 0.775935 2352 50
5800 115.51 115.637 0.0202238 0.738167 2324 47
5820 114.996 114.981 0.0237105 0.865433 2404 57
5840 114.202 114.439 0.0196329 0.716603 2343 46
5860 113.688 114.078 0.0218978 0.79927 2329 51
5880 114.56 113.73 0.0220112 0.80341 2317 51
5900 113.948 112.613 0.0241667 0.882083 2400 58
5920 111.11 110.266 0.0281631 1.02795 2379 67
5940 106.774 107.159 0.0242398 0.884751 2269 55
5960 103.572 104.305 0.0301003 1.09866 2392 72
5980 101.574 102.432 0.0300085 1.09531 2366 71
6000 100.948 101.536 0.0247525 0.903465 2424 60
6020 101.246 101.513 0.0250106 0.912887 2359 59
6040 102.426 101.667 0.0255658 0.933152 2386 61
6060 101.296 101.441 0.0228137 0.8327 2367 54
6080 101.02 101.022 0.0251064 0.916383 2350 59
6100 100.898 100.503 0.0245478 0.895995 2322 57
6120 99.852 99.5032 0.0254498 0.928916 2279 58
6140 98.316 98.1085 0.0280333 1.02322 2283 64
6160 95.394 97.0346 0.0301486 1.10042 2355 71
6180 95.496 98.92 0.0314597 1.14828 2384 75
6200 106.416 104.88 0.0250549 0.914505 2275 57
6220 107.088 111.992 0.0188195 0.686912 2338 44
6240 125.256 122.447 0.0183793 0.670844 2394 44
6260 131.064 134.747 0.0143158 0.522526 2375 34
6280 148.44 147.538 0.0155306 0.566868 2318 36
6300 161.856 161.404 0.0146751 0.535639 2385 35
6320 176.304 172.485 0.00929054 0.339105 2368 22
6340 188.352 182.802 0.00769231 0.280769 2340 18
6360 195.312 190.444 0.00645439 0.235585 2324 15
6380 198.96 195.451 0.00578752 0.211244 2419 14
6400 193.92 200.189 0.00692641 0.252814 2310 16
6420 211.152 202.781 0.00825369 0.30126 2302 19
6440 214.584 203.323 0.00557461 0.203473 2332 13
6460 208.008 200.875 0.00637213 0.232583 2354 15
6480 198.216 194.922 0.00917431 0.334862 2289 21
6500 178.728 188.387 0.00803723 0.293359 2364 19
6520 182.784 181.809 0.00917814 0.335002 2397 22
6540 180.072 175.523 0.0101394 0.370089 2367 24
6560 171.216 168.095 0.0103004 0.375966 2330 24
6580 160.344 157.996 0.0134567 0.491169 2378 32
6600 148.32 146.076 0.0198533 0.724644 2317 46
6620 132.048 132.862 0.0143158 0.522526 2375 34
6640 117.192 119.355 0.0239496 0.87416 2380 57
6660 108.792 108.315 0.0243267 0.887924 2302 56
6680 97.896 98.6145 0.0300085 1.09531 2366 71
6700 88.728 89.4996 0.0332613 1.21404 2315 77
6720 81.984 81.3434 0.0382192 1.395 2381 91
6740 72.336 72.6113 0.0423027 1.54405 2293 97
6760 64.296 65.0332 0.0515332 1.88096 2348 121
6780 58.872 60.1821 0.0539419 1.96888 2410 130
6800 59.496 59.3301 0.0677392 2.47248 2362 160
6820 59.088 58.9235 0.0628957 2.29569 2369 149
6840 58.08 57.641 0.0687554 2.50957 2298 158
6860 54.96 54.8097 0.0638924 2.33207 2379 152
6880 51.168 51.3433 0.0789139 2.88036 2357 186
6900 48.192 48.6341 0.0816327 2.97959 2303 188
6920 47.76 47.7675 0.0853659 3.11585 2378 203
6940 47.208 48.6011 0.0820864 2.99615 2339 192
6960 54.696 55.1606 0.0688328 2.5124 2339 161
6980 63.936 64.128 0.0572982 2.09138 2391 137
7000 73.584 74.687 0.0455901 1.66404 2347 107
7020 87.168 85.9593 0.0315834 1.1528 2343 74
7040 96.36 94.8985 0.0272767 0.995601 2273 62
7060 104.712 98.5641 0.0302903 1.1056 2377 72
7080 97.68 95.7204 0.0314597 1.14828 2384 75
7100 87.528 87.9749 0.0318607 1.16291 2354 75
7120 80.112 80.3394 0.045724 1.66892 2362 108
7140 73.008 71.8009 0.0527682 1.92604 2312 122
7160 61.896 60.7556 0.059351 2.16631 2342 139
7180 45.456 46.4994 0.0872712 3.1854 2349 205
7200 35.088 35.4186 0.13017 4.7512 2297 299
7220 27.192 26.0429 0.172576 6.29902 2341 404
7240 6.888 7.23981 0.481608 17.5787 2338 1126
7260 0 0 1 36.5 2296 2296
7280 0 0 1 36.5 2361 2361
7300 0 0 1 36.5 2316 2316
7320 0 0 1 36.5 2395 2395
7340 0 0 1 36.5 2348 2348
7360 0 0 1 36.5 2333 2333
7380 0 0 1 36.5 2354 2354
7400 0 0 1 36.5 2365 2365
7420 0 0 1 36.5 2338 2338
7440 0 0 1 36.5 2380 2380
7460 0 0 1 36.5 2334 2334
7480 0 0 1 36.5 2344 2344
7500 0 0 1 36.5 2355 2355
7520 0 0 1 36.5 2334 2334
7540 0 0 1 36.5 2379 2379
7560 0 0 1 36.5 2407 2407
7580 0 0 1 36.5 2261 2261
7600 0 0 1 36.5 2386 2386
7620 0 0 1 36.5 2394 2394
7640 0 0 1 36.5 2380 2380
7660 0 0 1 36.5 2331 2331
7680 0 0 1 36.5 2369 2369
7700 0 0 1 36.5 2333 2333
7720 0 0 1 36.5 2293 2293
7740 0 0 1 36.5 2318 2318
7760 0 0 1 36.5 2372 2372
7780 0 0 1 36.5 2361 2361
7800 0 0 1 36.5 2355 2355
7820 0 0 1 36.5 2374 2374
7840 0 0 1 36.5 2331 2331
7860 0 0 1 36.5 2318 2318
7880 0 0 1 36.5 2367 2367
7900 0 0 1 36.5 2327 2327
7920 0 0 1 36.5 2325 2325
7940 0 0 1 36.5 2327 2327
7960 0 0 1 36.5 2426 2426
7980 0 0 1 36.5 2413 2413
8000 0 0 1 36.5 2330 2330
