# s_m mwe rock_m water_m
-260.000 0.000 0.000 0.000
-240.000 0.000 0.000 0.000
-220.000 0.000 0.000 0.000
-200.000 0.000 0.000 0.000
-180.000 0.000 0.000 0.000
-160.000 0.583 0.220 0.000
-140.000 0.954 0.360 0.000
-120.000 1.034 0.390 0.000
-100.000 0.768 0.290 0.000
-80.000 0.186 0.070 0.000
-60.000 0.000 0.000 0.000
-40.000 0.000 0.000 0.000
-20.000 0.000 0.000 0.000
0.000 0.000 0.000 0.000
20.000 0.000 0.000 0.000
40.000 0.000 0.000 0.000
60.000 0.000 0.000 0.000
80.000 0.000 0.000 0.000
100.000 0.954 0.360 0.000
120.000 0.159 0.060 0.000
140.000 0.662 0.250 0.000
160.000 2.093 0.790 0.000
180.000 2.067 0.780 0.000
200.000 4.081 1.540 0.000
220.000 8.666 3.270 0.000
240.000 27.878 10.520 0.000
260.000 39.564 14.930 0.000
280.000 38.107 14.380 0.000
300.000 27.745 10.470 0.000
320.000 30.396 11.470 0.000
340.000 35.801 13.510 0.000
360.000 38.160 14.400 0.000
380.000 40.492 15.280 0.000
400.000 46.534 17.560 0.000
420.000 51.278 19.350 0.000
440.000 56.895 21.470 0.000
460.000 74.094 27.960 0.000
480.000 90.603 34.190 0.000
500.000 107.882 40.710 0.000
520.000 124.656 47.040 0.000
540.000 131.996 49.810 0.000
560.000 140.317 52.950 0.000
580.000 144.266 54.440 0.000
600.000 146.916 55.440 0.000
620.000 147.658 55.720 0.000
640.000 148.029 55.860 0.000
660.000 149.831 56.540 0.000
680.000 143.020 53.970 0.000
700.000 143.498 54.150 0.000
720.000 148.029 55.860 0.000
740.000 145.591 54.940 0.000
760.000 134.222 50.650 0.000
780.000 131.440 49.600 0.000
800.000 131.572 49.650 0.000
820.000 133.109 50.230 0.000
840.000 132.553 50.020 0.000
860.000 121.794 45.960 0.000
880.000 111.062 41.910 0.000
900.000 119.303 45.020 0.000
920.000 122.642 46.280 0.000
940.000 126.087 47.580 0.000
960.000 131.917 49.780 0.000
980.000 109.631 41.370 0.000
1000.000 123.039 46.430 0.000
1020.000 129.082 48.710 0.000
1040.000 113.102 42.680 0.000
1060.000 83.581 31.540 0.000
1080.000 83.740 31.600 0.000
1100.000 71.417 26.950 0.000
1120.000 72.133 27.220 0.000
1140.000 74.597 28.150 0.000
1160.000 75.790 28.600 0.000
1180.000 77.621 29.140 0.400
1200.000 79.053 29.420 1.090
1220.000 81.392 30.250 1.230
1240.000 84.309 31.430 1.020
1260.000 85.230 31.400 2.020
1280.000 85.853 31.190 3.200
1300.000 87.483 31.590 3.770
1320.000 90.912 33.080 3.250
1340.000 91.981 33.140 4.160
1360.000 92.489 32.860 5.410
1380.000 92.849 32.490 6.750
1400.000 94.297 32.780 7.430
1420.000 95.597 32.980 8.200
1440.000 97.243 33.390 8.760
1460.000 99.335 34.070 9.050
1480.000 102.385 35.330 8.760
1500.000 105.500 36.630 8.430
1520.000 107.278 37.120 8.910
1540.000 108.809 37.460 9.540
1560.000 111.940 38.770 9.200
1580.000 115.864 40.560 8.380
1600.000 119.424 42.130 7.780
1620.000 122.572 43.450 7.430
1640.000 125.687 44.750 7.100
1660.000 127.251 45.110 7.710
1680.000 127.627 44.750 9.040
1700.000 128.861 44.910 9.850
1720.000 131.581 45.970 9.760
1740.000 133.574 46.590 10.110
1760.000 134.775 46.730 10.940
1780.000 136.190 47.000 11.640
1800.000 136.912 46.850 12.760
1820.000 137.585 46.670 13.910
1840.000 138.077 46.380 15.170
1860.000 139.344 46.560 15.960
1880.000 140.687 46.810 16.640
1900.000 140.233 45.990 18.360
1920.000 141.219 46.060 19.160
1940.000 143.253 46.790 19.260
1960.000 143.360 46.370 20.480
1980.000 143.296 45.870 21.740
2000.000 144.032 45.880 22.450
2020.000 145.184 46.160 22.860
2040.000 146.174 46.360 23.320
2060.000 147.207 46.610 23.690
2080.000 148.440 47.000 23.890
2100.000 149.040 47.030 24.410
2120.000 149.691 47.110 24.850
2140.000 150.881 47.540 24.900
2160.000 152.206 48.070 24.820
2180.000 153.539 48.630 24.670
2200.000 154.827 49.180 24.500
2220.000 156.332 49.880 24.150
2240.000 157.731 50.540 23.800
2260.000 158.611 50.910 23.700
2280.000 159.165 51.100 23.750
2300.000 159.662 51.280 23.770
2320.000 160.228 51.520 23.700
2340.000 160.665 51.700 23.660
2360.000 160.831 51.740 23.720
2380.000 160.964 51.760 23.800
2400.000 160.965 51.700 23.960
2420.000 161.313 51.850 23.910
2440.000 161.611 51.970 23.890
2460.000 161.710 51.970 23.990
2480.000 161.844 51.990 24.070
2500.000 162.257 52.180 23.980
2520.000 162.934 52.530 23.730
2540.000 163.711 52.940 23.420
2560.000 164.108 53.120 23.340
2580.000 164.059 53.030 23.530
2600.000 164.060 52.970 23.690
2620.000 164.293 53.050 23.710
2640.000 164.871 53.340 23.520
2660.000 165.581 53.710 23.250
2680.000 166.028 53.920 23.140
2700.000 166.161 53.940 23.220
2720.000 165.750 53.630 23.630
2740.000 164.959 53.090 24.270
2760.000 164.514 52.760 24.700
2780.000 164.400 52.630 24.930
2800.000 164.466 52.610 25.050
2820.000 164.468 52.550 25.210
2840.000 164.551 52.540 25.320
2860.000 164.552 52.480 25.480
2880.000 165.114 52.760 25.300
2900.000 165.841 53.140 25.020
2920.000 167.179 53.890 24.370
2940.000 168.434 54.590 23.770
2960.000 169.358 55.090 23.370
2980.000 169.871 55.340 23.220
3000.000 170.449 55.630 23.030
3020.000 171.078 55.950 22.810
3040.000 171.541 56.170 22.690
3060.000 171.855 56.300 22.660
3080.000 172.137 56.410 22.650
3100.000 172.467 56.550 22.610
3120.000 172.782 56.680 22.580
3140.000 173.113 56.820 22.540
3160.000 173.295 56.870 22.590
3180.000 173.428 56.890 22.670
3200.000 173.545 56.900 22.760
3220.000 173.859 57.030 22.730
3240.000 173.943 57.020 22.840
3260.000 174.109 57.060 22.900
3280.000 174.192 57.050 23.010
3300.000 174.243 57.020 23.140
3320.000 174.227 56.950 23.310
3340.000 174.311 56.940 23.420
3360.000 174.295 56.870 23.590
3380.000 174.181 56.740 23.820
3400.000 174.198 56.690 23.970
3420.000 174.249 56.660 24.100
3440.000 174.365 56.670 24.190
3460.000 174.416 56.640 24.320
3480.000 174.599 56.690 24.370
3500.000 174.847 56.780 24.380
3520.000 175.046 56.840 24.420
3540.000 175.196 56.870 24.490
3560.000 175.312 56.880 24.580
3580.000 175.676 57.040 24.520
3600.000 176.106 57.240 24.420
3620.000 176.361 57.340 24.410
3640.000 176.306 57.240 24.620
3660.000 175.960 56.970 24.990
3680.000 175.764 56.790 25.270
3700.000 175.666 56.670 25.490
3720.000 175.798 56.690 25.570
3740.000 176.129 56.830 25.530
3760.000 176.526 57.010 25.450
3780.000 176.890 57.170 25.390
3800.000 177.221 57.310 25.350
3820.000 177.338 57.320 25.440
3840.000 177.521 57.370 25.490
3860.000 177.677 57.410 25.540
3880.000 178.024 57.560 25.490
3900.000 178.398 57.720 25.440
3920.000 178.432 57.680 25.580
3940.000 178.532 57.680 25.680
3960.000 178.962 57.880 25.580
3980.000 179.243 57.990 25.570
4000.000 179.647 58.180 25.470
4020.000 180.021 58.340 25.420
4040.000 180.781 58.740 25.120
4060.000 181.475 59.100 24.860
4080.000 181.724 59.190 24.870
4100.000 181.774 59.160 25.000
4120.000 182.072 59.280 24.980
4140.000 182.684 59.590 24.770
4160.000 183.443 59.990 24.470
4180.000 183.972 60.250 24.310
4200.000 184.188 60.320 24.340
4220.000 184.255 60.300 24.460
4240.000 183.959 60.060 24.800
4260.000 183.564 59.760 25.200
4280.000 183.037 59.380 25.680
4300.000 182.675 59.100 26.060
4320.000 182.560 58.970 26.290
4340.000 182.693 58.990 26.370
4360.000 182.942 59.080 26.380
4380.000 183.438 59.320 26.240
4400.000 184.132 59.680 25.980
4420.000 184.958 60.120 25.640
4440.000 185.305 60.270 25.590
4460.000 186.049 60.660 25.300
4480.000 187.007 61.180 24.880
4500.000 187.585 61.470 24.690
4520.000 188.016 61.670 24.590
4540.000 188.363 61.820 24.540
4560.000 188.661 61.940 24.520
4580.000 188.695 61.900 24.660
4600.000 189.059 62.060 24.600
4620.000 189.506 62.270 24.490
4640.000 189.886 62.440 24.420
4660.000 190.332 62.650 24.310
4680.000 190.680 62.800 24.260
4700.000 190.532 62.650 24.510
4720.000 190.187 62.380 24.880
4740.000 190.122 62.280 25.080
4760.000 189.809 62.030 25.430
4780.000 189.052 61.510 26.050
4800.000 188.689 61.230 26.430
4820.000 189.318 61.550 26.210
4840.000 190.077 61.950 25.910
4860.000 190.540 62.170 25.790
4880.000 189.601 61.540 26.520
4900.000 190.245 61.870 26.290
4920.000 189.471 61.340 26.920
4940.000 188.730 60.830 27.530
4960.000 188.581 60.710 27.700
4980.000 189.146 61.040 27.390
5000.000 189.661 61.370 27.030
5020.000 189.432 61.280 27.040
5040.000 188.850 61.000 27.200
5060.000 186.908 59.920 28.120
5080.000 188.622 61.080 26.760
5100.000 188.042 60.880 26.710
5120.000 186.052 59.850 27.450
5140.000 184.277 58.980 27.980
5160.000 183.138 58.520 28.060
5180.000 182.998 58.690 27.470
5200.000 182.149 58.460 27.230
5220.000 179.296 57.040 28.140
5240.000 176.452 55.650 28.980
5260.000 174.466 54.810 29.220
5280.000 173.232 54.450 28.940
5300.000 171.916 54.070 28.630
5320.000 170.096 53.410 28.560
5340.000 167.891 52.540 28.660
5360.000 165.167 51.380 29.010
5380.000 163.251 50.740 28.790
5400.000 160.767 49.780 28.850
5420.000 157.408 48.320 29.360
5440.000 153.178 46.350 30.350
5460.000 148.673 44.220 31.490
5480.000 144.234 42.130 32.590
5500.000 140.390 40.400 33.330
5520.000 137.601 39.310 33.430
5540.000 135.077 38.380 33.370
5560.000 131.793 36.990 33.770
5580.000 129.203 36.020 33.750
5600.000 126.579 35.030 33.750
5620.000 124.171 34.170 33.620
5640.000 121.035 32.870 33.930
5660.000 118.775 32.100 33.710
5680.000 116.663 31.420 33.400
5700.000 116.712 32.050 31.780
5720.000 119.600 34.400 28.440
5740.000 124.616 38.040 23.810
5760.000 127.701 40.510 20.350
5780.000 126.893 40.620 19.250
5800.000 125.623 40.450 18.430
5820.000 125.194 40.790 17.100
5840.000 124.434 40.930 15.970
5860.000 124.005 41.270 14.640
5880.000 125.210 42.600 12.320
5900.000 124.665 42.870 11.060
5920.000 121.497 41.550 11.390
5940.000 116.564 39.160 12.790
5960.000 112.967 37.580 13.380
5980.000 110.789 36.860 13.110
6000.000 110.228 37.120 11.860
6020.000 110.756 38.040 9.950
6040.000 112.323 39.590 7.410
6060.000 111.168 39.490 6.520
6080.000 111.020 40.000 5.020
6100.000 111.053 40.620 3.410
6120.000 109.997 40.580 2.460
6140.000 108.363 40.190 1.860
6160.000 105.097 38.810 2.250
6180.000 105.394 39.590 0.480
6200.000 117.501 44.340 0.000
6220.000 118.243 44.620 0.000
6240.000 138.303 52.190 0.000
6260.000 144.716 54.610 0.000
6280.000 163.903 61.850 0.000
6300.000 178.716 67.440 0.000
6320.000 194.669 73.460 0.000
6340.000 207.972 78.480 0.000
6360.000 215.657 81.380 0.000
6380.000 219.685 82.900 0.000
6400.000 214.120 80.800 0.000
6420.000 233.147 87.980 0.000
6440.000 236.936 89.410 0.000
6460.000 229.675 86.670 0.000
6480.000 218.863 82.590 0.000
6500.000 197.345 74.470 0.000
6520.000 201.824 76.160 0.000
6540.000 198.829 75.030 0.000
6560.000 189.051 71.340 0.000
6580.000 177.047 66.810 0.000
6600.000 163.770 61.800 0.000
6620.000 145.803 55.020 0.000
6640.000 129.399 48.830 0.000
6660.000 120.124 45.330 0.000
6680.000 108.093 40.790 0.000
6700.000 97.970 36.970 0.000
6720.000 90.524 34.160 0.000
6740.000 79.871 30.140 0.000
6760.000 70.993 26.790 0.000
6780.000 65.005 24.530 0.000
6800.000 65.694 24.790 0.000
6820.000 65.243 24.620 0.000
6840.000 64.130 24.200 0.000
6860.000 60.685 22.900 0.000
6880.000 56.498 21.320 0.000
6900.000 53.212 20.080 0.000
6920.000 52.735 19.900 0.000
6940.000 52.126 19.670 0.000
6960.000 60.393 22.790 0.000
6980.000 70.596 26.640 0.000
7000.000 81.249 30.660 0.000
7020.000 96.248 36.320 0.000
7040.000 106.398 40.150 0.000
7060.000 115.620 43.630 0.000
7080.000 107.855 40.700 0.000
7100.000 96.645 36.470 0.000
7120.000 88.457 33.380 0.000
7140.000 80.613 30.420 0.000
7160.000 68.343 25.790 0.000
7180.000 50.191 18.940 0.000
7200.000 38.743 14.620 0.000
7220.000 30.024 11.330 0.000
7240.000 7.605 2.870 0.000
7260.000 0.000 0.000 0.000
7280.000 0.000 0.000 0.000
7300.000 0.000 0.000 0.000
7320.000 0.000 0.000 0.000
7340.000 0.000 0.000 0.000
7360.000 0.000 0.000 0.000
7380.000 0.000 0.000 0.000
7400.000 0.000 0.000 0.000
7420.000 0.000 0.000 0.000
7440.000 0.000 0.000 0.000
7460.000 0.000 0.000 0.000
7480.000 0.000 0.000 0.000
7500.000 0.000 0.000 0.000
7520.000 0.000 0.000 0.000
7540.000 0.000 0.000 0.000
7560.000 0.000 0.000 0.000
7580.000 0.000 0.000 0.000
7600.000 0.000 0.000 0.000
7620.000 0.000 0.000 0.000
7640.000 0.000 0.000 0.000
7660.000 0.000 0.000 0.000
7680.000 0.000 0.000 0.000
7700.000 0.000 0.000 0.000
7720.000 0.000 0.000 0.000
7740.000 0.000 0.000 0.000
7760.000 0.000 0.000 0.000
7780.000 0.000 0.000 0.000
7800.000 0.000 0.000 0.000
7820.000 0.000 0.000 0.000
7840.000 0.000 0.000 0.000
7860.000 0.000 0.000 0.000
7880.000 0.000 0.000 0.000
7900.000 0.000 0.000 0.000
7920.000 0.000 0.000 0.000
7940.000 0.000 0.000 0.000
7960.000 0.000 0.000 0.000
7980.000 0.000 0.000 0.000
8000.000 0.000 0.000 0.000
